1111111111111111111111111111111111111111
1           1                          1
1           1                          1
1           1                          1
111111111   1   111111111111    1111   1
1       1   1   1       1              1
1       1   1   1       1              1
1       1   1   1       1              1
1   1   1           1       1   11111111
1   1   1           1       1          1
1   1   1           1       1          1
1   1   1           1       1          1
1   1   1111111111111   1111111111111  1
1   1                   1              1
1   1                   1              1
1   1                   1              1
1   11111111    111111111              1
1   1               1                  1
1   1               1                  1
1   1       111111111                  1
1   1111    1       1   1       11111111
1           1       1   1              1
1           1       1   1              1
1   111111111       1   1              1
1  11           1       1              1
1  1            1       1              1
1  1            1       1              1
1  1    111111111      11       11111111
1  1           11   11111111           1
1  1            1       1              1
1  1            1       1              1
1  11           1      11              1
1   111111111   1   1111               1
1           1   1   1                  1
1           1   1   1                  1
1           1   1   1                  1
1   1111            1                  1
1   1               1                  1
1   1               1                  1
1111111111111111111111111111111111111111
